standard_deviation,position,accuracy,cost,velocity,iteration,experiment_id
0.007456184888097063,"[-0.8235360501979347, -1.704178129396727, -3.01424571619959, -0.648040752547203, 0.14123296962039733, -0.9053087028150648, -1.3409144557838744, -0.47045639392304217, -0.8737818610381359, -1.2922777084000607, -1.557608218824357, -0.9769292487995997, 0.15305243125661117, -3.1086925014014684, -0.27388685646808725, -0.7786712198039135, -0.7018136237455481, -0.8405309219655047, -0.26811475393907097, 0.5438609511125181, -3.5613739752063616, -0.5588811366827128, -1.0976922160224503, -1.1036441927744296, -0.4448939274455844, -1.1225508492417735, -0.11537233698401256, 0.4248431714243002, -1.8150565493645079, 0.6093743108828622, -0.2940283833559465, -1.8793875948692058, -0.7827529598261015, -1.7439889853288406, -0.27287138613967976, -0.7738225886724698, -2.7223960509288627, -2.3052575600284104, -1.2164857164532075, -0.6041858911907837, -3.2667272061376105, -2.1923871490418287, 0.5809404820383471, -1.3782960207469042, -0.7089669139326694, -2.749051271368042, -2.598250013691349, -2.515052234801907, -1.4337000557778061, -0.4241558332325064, 0.6543204866699385, 0.28651510384974366, -0.8151708630679257, -2.075279957451328, -0.9901045994652067, -1.184958682930588, -1.6378830058651155, -0.9007612055753494, -1.0806370746612748, 0.9984061216678026, -1.2156373100384439, -0.4083933014441373, -0.49454124786724507, -0.636952907060384, 0.41758140204769895, -2.07871473535907, -1.9716568799886245, 0.8029080075314623, 0.026343244367318552, 0.032455971220422875, -2.3857383531415333, -0.5924472922672649, -0.8377673610135963, -0.2371160546380815, -0.7453719239451044, -1.5883214526204315, 0.39672530317580934, 0.6657312602342386, 1.1634979913538492, -2.833282388535885, -2.55473538241669, -0.49350004631189004, -0.9301520144278315, 0.6071324101285791, -0.13557950419944884, -0.7778692685572814, -0.9766249017100636, -2.228093923752608, -2.1422182560749135, -1.314296802744378, -0.7349668544716612, -0.7680268468969477]",0.4402917046490428,0.8387664786363473,"[-0.3554134344602242, -0.5696835998202452, -0.972379472574092, -0.3370675215213177, -0.21424028759142, -0.7783820560371945, -0.7044316834800416, -0.6080051842077681, -0.34828841321363024, -0.6899676012134067, -0.5295936945163379, -0.5991272811281347, -0.4386608153620245, -0.921768748952185, -0.3890319412474795, -0.6163833650561152, -0.29623733695595694, -0.5168941826561456, -0.1797157099456855, -0.17580905568778962, -0.9778424388610671, -0.13257833815072784, -0.7421410425889797, -0.6788606369250286, -0.3072502762614602, -0.2950054557233561, -0.22075131488137614, -0.23235222573064468, -0.87827664030791, -0.26037870684455483, -0.1529315034288855, -0.5965712371294742, -0.5166279618334519, -0.6464563462478347, -0.2639941196931953, -0.2525070756926403, -0.8389265594823794, -0.6108175313773176, -0.5841614135140148, -0.18105792191833145, -0.9806170171885524, -0.8063234442568586, -0.12734471078961784, -0.7993828782460631, -0.5779303293754477, -0.7142556784833846, -0.7801633085419009, -0.6860301645530852, -0.35950061632187436, -0.12668762248378743, -0.14831392646886624, -0.20938630463768487, -0.11721404275618214, -0.7582314666896623, -0.42882778769930857, -0.29240111600768237, -0.887011141428877, -0.2568782458512895, -0.43774856100933507, -0.017910872913969634, -0.6031583159528306, -0.6784367816205509, -0.5694742418950511, -0.23815668863224287, -0.07890007405526278, -0.6148878941186817, -0.6678510400010628, -0.0962796201702846, -0.4143840675340095, -0.29802929093922575, -0.8455530932538559, -0.19512729654768501, -0.48604333799675176, -0.3371686924736822, -0.32494515094217935, -0.6694747690131635, -0.24111926894029193, -0.11934950825977178, 0.03988549156991146, -0.8696854469250964, -0.7625568445889751, -0.4794684562481444, -0.7213962002230483, -0.17874592022984515, -0.141256213915816, -0.5949015271498654, -0.6391320013843812, -0.7851751054342202, -0.7417869976041801, -0.5259955005311256, -0.31966239138423935, -0.2804453950609555]",37,0
0.007456184888097063,"[-3.3629085376669057, -4.106601985598902, -1.9183799187048352, -3.00085418670345, -2.0855243307010514, -0.26292854064021415, -3.4862080856391837, -1.9558626303871836, -3.8243201525021555, -1.383072559107907, -1.325358285599086, -2.7292934479409543, -1.0682638784040621, -1.8491212705581566, -2.077698247459473, -2.28278685423907, -2.432478403998166, -3.2282487381402696, -1.608864847505876, -0.38681005856420414, -4.072212060083122, -1.4885196207529647, -0.40999217552137895, -1.8883535425571059, -1.3663216121809776, -1.2839877077405313, -3.3008081690192084, -0.20301004804713563, -0.5180070774636879, 1.1624728831954858, -0.486036841404334, -2.319641582885139, -1.530529061981876, -4.28723982272472, -0.14332173084764155, -0.7798385343824237, -3.1661270852986356, -1.4126986204418743, -3.509678189918789, -3.5468172987131674, -3.4087375434813683, -2.5515799024864654, -2.8890199267490817, -1.283747100568426, -1.1976805702559046, -4.39242555707594, -2.920368754703149, -1.9278739073441793, -1.3144929118608082, -3.755633128882714, -0.1354249291813494, 0.08158908109956069, -1.881200785070487, -1.868414225252525, -3.3485900715494967, -3.5284561535454526, -0.9761854096208034, -2.932080200690677, -0.06152293922373667, -2.9998959186909593, -2.63464855533903, 1.4500739137566527, 0.07417714473485484, -3.5846948615837078, -2.5235002542740976, -3.269038549152155, -0.6450563485490607, 0.693227502715467, -0.5140788447753363, -0.16903221693218526, -2.2221111100980364, -2.994427995631398, -2.937123388812136, -1.0483731246528, -0.8506348871504383, -0.7396360985358538, -2.0501586283279103, -1.910362046469379, -2.105050419077324, -1.7798484808735764, -4.096474908501651, -1.8121690360942098, -0.19313532424127106, -0.5376435884962395, -0.22837437739630023, -0.5908757420802293, -2.7028119049077652, -3.6128128912310293, -2.354770352110387, -2.833485231272258, -3.956442364511672, -1.067247306405542]",0.4402917046490428,0.9068158925646704,"[0.29979266515584113, 0.4519076031572702, 0.07621410215464679, 0.4190317338787106, 0.3576493425606174, 0.17299367415825562, 0.4260753149344255, 0.3694495999355625, 0.45978000768757044, 0.2239817182374086, 0.04669810866343547, 0.45469237283603825, 0.34851921005688036, 0.1027125735322195, 0.30583884702489134, 0.29511195808452195, 0.3684474184341085, 0.5123754856111381, 0.15854866405006224, 0.12921271861616257, 0.2991492364869718, 0.053573284777624165, 0.0743265292450538, 0.28487207870106646, 0.22037270679015786, 0.062232549208195764, 0.5369483425830022, 0.11497157949666383, 0.09406755222377494, 0.03918670984396277, -0.010048725082289638, 0.2140176503327971, 0.2462286565910182, 0.4486833924313848, 0.004894636844937759, -0.07533113023181331, 0.25292272669349586, -0.017558044039707482, 0.46036442840657915, 0.34920596400327714, 0.21375531039852486, 0.3383506835215369, 0.4601998442258711, 0.246619072351689, 0.2027106681232874, 0.3938984406499814, 0.2396476634591995, 0.10804111747621192, -0.012593007261441948, 0.3831375425685623, 0.11728200275191968, -0.004928123960773967, 0.10098475535417727, 0.19240517973158278, 0.34690234475405757, 0.35249313467595567, 0.21693520552323914, 0.33064846368959916, 0.023658145653670942, 0.5139077980408926, 0.3077070405241092, 0.007396370625233115, 0.09332353874251063, 0.49345741833838686, 0.30497262354073623, 0.28354013527098615, -0.05601280956353408, 0.10806489440899433, 0.21852671665694143, -0.02990556033165667, 0.1678477285471885, 0.36418068073986143, 0.43329277166135133, 0.14518128484388784, 0.10656493914112751, 0.09481066191276613, 0.4581118947937328, 0.3051729092293399, 0.45135721687913233, 0.19382747198132033, 0.33417876826105436, 0.34136406916589174, 0.057653895067215855, 0.29840070279756103, 0.032720943077981506, 0.16548368274316133, 0.392466275080257, 0.3638181266034419, 0.24184827813491808, 0.41406012553542637, 0.45388028135360464, 0.13288580899802063]",37,0
0.007456184888097063,"[-0.6805317576927716, -0.9246227479239439, -1.3388161228907374, -0.06316557936638743, 0.024887881902563705, 1.2816128424196147, -0.5871181326692563, 1.2418988828667357, -0.7836806707287062, 0.2370224711051903, -0.6611704462655524, 0.8247354533705491, 1.3775015735170706, -1.5443796734073945, 0.2266603751228998, 0.29912364603612945, -0.018618407737349713, -0.09354915014163004, -0.3238610357778493, 0.3758453217452626, -2.3203834779399974, -0.8028684106971224, 0.5499306189596571, 0.15468744813427537, -0.4297227221614227, -0.9513233664637218, -0.1609529664304652, 0.5077795231040427, 0.21291634189690567, 0.8074381913318982, -0.6979591078124369, -0.7454549136610694, -0.20664615671736342, -0.9779345022629877, -0.5463289104939605, -1.0178003333158097, -1.394629142920172, -1.8838766991207554, -0.09372400303422113, -1.291027865438381, -1.735407966524577, -0.2767897115643694, 0.24687916834844112, 0.18744495883743384, 0.6781231885841386, -1.9561100753408631, -1.5675152297740675, -1.480788077932959, -1.690577930706598, -0.9854490210753539, 0.8318904607925612, 0.40221937253807283, -1.390191960229467, -0.5973733261988098, -0.684736534953224, -1.2550735834111932, 0.43751588336200087, -1.0854570175570597, -0.22193852923985424, 0.34519610494318126, -0.42442018908158985, 1.4040773676289093, 0.9022912476984715, -0.28531344476193243, -0.47070837841837343, -0.8924882974771325, -0.9248273225709241, 1.2904973363362109, 0.7855741396159153, 0.011730046705580005, -0.727485832562097, -0.8508695697213532, -0.15696676711564578, 0.053387467870731994, -0.28846136499653274, -0.34518994007664167, 1.2637395915544403, 0.419994460140747, 1.2336221865958268, -1.2382877566586588, -1.652373855129075, 0.2842275285533618, 0.27909344281219506, 1.1783576818987074, -0.11677201847086009, 0.07932892764144783, 0.015560897254156027, -0.8787350647043013, -1.009081445426267, -0.05049936602889049, -0.8235605842469067, -0.5304069112140314]",0.4402917046490428,0.7296930750760007,"[-0.057269850285243826, -0.1607969359768579, -0.09592101072227573, 0.006740923693690708, -0.03777787454882943, 0.20759416942554929, -0.05866066157297693, 0.06985735979969929, -0.02926086260350327, -0.06642654407029876, -0.11534242928013574, 0.04955295012995464, 0.07263642001083394, -0.1724049554183295, -0.11429840607037181, 0.054208582420447876, 0.05483338616158577, -0.04385331094021626, -0.021758254791770355, 0.01922240603601917, -0.3163869456420716, -0.09813951312163849, 0.17791056561584717, -0.11141175030156902, -0.016276609941383042, -0.20591152087392536, -0.09767187152983264, -0.04191299008849193, 0.057803074246537633, -0.00504665096787882, -0.030283734658255033, -0.09322715663380476, -0.0398581807510341, -0.1646197952275022, -0.06452296205335468, -0.25013638014370865, -0.13737780771341815, -0.27316409597466884, -0.12745424895980542, -0.2058256427241761, -0.21210477383047208, 0.02882323787356203, 0.002110198731479076, 0.05831637122931395, 0.17341893332416242, -0.301727703460659, -0.1302992121592052, -0.19995236622096788, -0.2683780294594462, -0.20476460710431704, 0.017118748349372156, 0.09608853370761308, -0.254573176315433, -0.16654593322698, -0.22849339201720315, -0.12483902437291228, 0.06979445971334673, -0.13110270327236512, -0.06491185691429036, -0.06380928401834594, -0.05114251762510094, 0.21292817189070257, -0.032007339611004736, 0.07422020088796158, -0.14700360251821362, -0.12222912182939442, -0.11704073882283945, 0.060079125685426366, 0.07891067345171995, -0.0907805835183917, -0.09856763962015036, -0.2385675075915544, -0.10896903734629175, 0.04956288911067988, 0.028654425282622464, 0.0034917789878319613, 0.09455050835109519, -0.06512476360109924, 0.12311270505582679, -0.2377557680559145, -0.19856644512758448, 0.06651232864188997, -0.007604889944574785, 0.12320651954177282, 0.07316995288375124, -0.01029762140096314, 0.05878459451661724, -0.10860686763431125, -0.2323038347518672, -0.07502222660954957, -0.17663344028387432, -0.17467304828854338]",37,0
0.007456184888097063,"[-0.26669113923235555, -0.7431936962247465, -0.6553226011205419, -0.17888100088294248, -0.3082348099825648, 1.2283532247729279, -0.35867906523267956, 0.9418703753829086, -0.32080540487255965, 0.19234873319958795, -0.42991912715602576, 0.774404042338725, 0.9218612837966849, -1.3549863985270927, -0.23422364705245433, 0.3570960983752473, 0.056971130936975284, -0.34011925608327565, -0.05273394062165024, 0.45383730547501694, -2.053906680893389, -0.4631299392421807, 0.936990480542797, -0.22664376148747858, -0.626926524749582, -0.8794115357352404, -0.4907548940858638, 0.23332701336055195, 0.4832997829690438, 0.2929658572963505, -0.46255418215031485, -0.3461254849198964, -0.35302269054822244, -0.6541196243219206, -0.5811488839983247, -0.7913578641087872, -0.9930144224638238, -1.85835754610379, -0.314844307401831, -1.1056264061985694, -1.124206584506695, 0.0025447497516599, 0.24441303622387806, 0.1011854010787598, 0.9032114709381371, -1.8739782822045155, -0.9848926544480813, -1.4271916941993004, -1.5404853292610412, -0.9022260459041184, 0.5093025623051958, 0.6153730795335245, -1.3595590163385431, -0.6694167279050315, -0.9230283455598759, -1.1454600852918853, 0.6144577002480502, -1.085537299366553, -0.2962296645729164, 0.12026249000968883, -0.41714755868021014, 1.1862919297454888, 0.5645801925092511, 0.005658320952092295, -0.5650225979889125, -0.5569463994351335, -0.7786449847347962, 1.033393339288121, 0.4432009374769161, 0.07486928389735296, -0.6018644104266964, -1.1438497380069481, -0.446701126590899, 0.4648785949353246, -0.018020965825761216, -0.36732960441702567, 1.0266666786402545, 0.14331152426756394, 0.9155622274534755, -1.4653597314062534, -1.062259179900301, 0.4410515121193538, 0.062025442678039056, 0.7166163646157337, 0.10531289834211084, -0.22825170737739023, 0.29377649061989336, -0.9129860098983305, -1.2224779142897113, -0.29273694099543957, -0.8049187771748747, -0.901666363404891]",0.8705560619872379,0.6968622348542098,"[-0.05994148018422025, -0.03815386552108818, -0.013821124038691098, -0.08709289644659529, -0.11435320155368485, -0.07809007240483218, -0.07486252356932495, -0.07735554048518989, 0.0008788559502345216, -0.04968121723606096, -0.07046231745770284, -0.01344781986600787, -0.07198889617814236, -0.09267990130961734, -0.14153993606310447, -0.10661731654022082, -0.023101181795443567, -0.0982277972230362, -0.010546697578538598, -0.035932578014876766, -0.08379525932392165, -0.04000780418831254, -0.0537987193589858, -0.11043962893550618, -0.11579162135379736, -0.05083476111054898, -0.08788309864645413, -0.10863773693768118, -0.03332624522829304, -0.12158712459661086, -0.08661130298988887, -0.0039898327512958905, -0.09299028116624394, -0.04577182844037863, -0.09501382418928109, -0.07220346201530796, -0.04992508135872206, -0.11589785069845006, -0.09809834551365175, -0.060109200694303894, -0.02831278568893668, -0.017130967798417072, -0.09236042367300841, -0.09383736061139762, -0.06405992942161645, -0.11534627858016423, 0.01659631186822186, -0.11728549456545523, -0.10098926821119908, -0.08739144245753794, -0.09644209893347946, -0.06653117519878686, -0.0776319417751782, -0.0985429601545299, -0.12347885114364883, -0.09409813770343643, -0.031391776372778415, -0.1015931929504916, -0.08431899591431478, -0.07628979307184919, -0.11641657286799957, -0.08757377814188053, -0.06312045179119047, -0.0557586802165656, -0.10764239163812105, -0.02327704787207892, -0.10585693464970738, -0.0072506475673509135, -0.12140907132930386, -0.0698645961472819, -0.07900901115302189, -0.07980165056102737, -0.1288009193687733, -0.015746390597083444, -0.004359640467332978, -0.08599777117047033, -0.06773696700047069, -0.1077712823183609, -0.06398283664089019, -0.09348425058195521, -0.00410702109523926, -0.020401538888663022, -0.1333708240878612, -0.08789326012530002, -0.0237190911400746, -0.11300870866051249, -0.0015424109050432514, -0.135788446889955, -0.10737851662630406, -0.07345784767686334, -0.07280497517470316, -0.10861832814939011]",37,0
0.007456184888097063,"[-0.367775780887411, -0.7202550545661535, -0.7261346930182782, 0.4279997439451201, 0.0343300729577496, 1.6922754422706965, -0.23010008358985687, 1.0738405685637797, -0.5838288627670696, 0.04776823175471784, -0.594028652496877, 1.080867900930987, 1.1490311282654706, -0.8994936717175959, -0.00407432905963101, 0.8449159771161107, 0.5378350236875648, 0.15931022904062764, 0.010358062417838626, 0.5467430880717754, -1.9920943867795384, -0.5243373805726808, 1.3226720642201983, 0.07858208431817279, -0.12316352079817552, -0.9892072191676071, -0.06424596987775205, 0.49898473239509106, 0.7834302416837002, 0.8130814303516103, -0.06553404576306598, -0.17562939051167423, -0.2677157834891196, -0.7902321733124449, -0.07024182338888829, -0.5184182955107013, -0.9122530978576031, -1.3287994876766456, -0.1642491968025081, -0.8285286265448764, -1.262974835847474, 0.13995892425738754, 0.1504167845244141, 0.27469866936662, 1.1291989248649323, -1.431682308309838, -0.8441203011515996, -1.1695010753396835, -1.690655033664772, -0.702250194325204, 0.6727270148514138, 0.7759797340937526, -0.8230222111368081, -0.4716243450345722, -0.8867119187008025, -0.6311280176812819, 0.4536024042858641, -0.7305655211929547, 0.21922577642203897, 0.4549075506194039, 0.04709383753657295, 1.3996724512212761, 0.8591767496913458, 0.11549272167200347, -0.453300338040152, -0.590466630455069, -0.5448739556277447, 0.9201545881872227, 1.1615365493617777, 0.016841838676248458, 0.01523795663934821, -0.6366783785161598, -0.17956603287654688, 0.24874856300668807, 0.30053380834771615, -0.23491340399721614, 1.1768744293214701, 0.2630410721854278, 1.140610127692319, -0.7906337021594578, -1.309284555295645, 0.39010867704070334, 0.2681003287145528, 1.010642303170177, 0.5314391298840713, -0.12404518640379691, 0.47242401511775545, -0.2784298384696881, -0.7156144293610542, 0.25443299687675136, -0.6011187606882473, -0.41894458107102317]",0.4402917046490428,0.7135568323647368,"[0.33942495308938364, 0.2217440139605333, 0.030312758812328137, 0.20200087636080308, 0.07298051914334863, 0.558895712597398, -0.021927619840098507, 0.2837690836579777, 0.2702758939529535, 0.4184620223018563, 0.18841666271372343, 0.10581899668861758, 0.35843408240135877, -0.21919801288910554, 0.5038517510226344, -0.03937238978123151, 0.34922763199259893, 0.418031820851914, 0.1568265761938057, 0.4967163499249327, 0.08873458068106811, 0.11197303258931962, 0.4643928506943482, 0.11166324097754077, 0.1652440122827751, 0.14246188870644366, 0.43658239375280333, 0.3828553275145421, 0.026366686258949702, 0.3428337024863925, 0.3721245550630138, 0.18021006262314057, 0.527890007228764, 0.0987098723584818, 0.1476759063544853, 0.2694272011634678, 0.13932280173592698, -0.1291129487142839, 0.48092578394974655, 0.13526953030204553, 0.0009606669557587905, 0.24041517165826337, 0.4497847706504625, 0.6378356042716176, 0.19101807245340036, -0.16481287596717664, 0.23640118260464302, 0.2472768510314836, 0.06753762684189994, 0.348146851860488, 0.5797486881871127, 0.43967794350095624, 0.05915696326178495, 0.16829614739139118, 0.14693697632857494, 0.2426557633065909, 0.183319406302693, 0.0705594668518945, 0.1924076244083463, 0.4109161132762474, 0.19331445366171818, 0.31168634605854517, 0.18314629010824085, 0.47152537318627213, 0.2787111307522653, 0.15803155186954548, 0.20556190881319902, 0.2352110789941073, 0.31048541601334667, 0.06234900799931481, 0.2366310356419923, 0.25772970147286595, 0.3148786341277701, 0.3643010411336161, 0.2930403277227366, 0.19481845737181416, 0.5386342258044227, 0.14105435758401047, 0.30169384708323743, 0.1341245138917324, -0.1243528292060405, 0.17373508245138286, 0.5777844490080485, 0.19259567328879562, 0.27180756942879586, 0.19934012379479416, 0.1967797283524512, 0.01812189223431143, 0.3195851865084793, -0.10686722936617886, 0.17027784287825098, -0.004639404105229738]",37,0
0.007456184888097063,"[-0.5520492905379153, -2.4639373808219402, -1.2694915302700558, -0.4053846065504945, -1.1772906818014193, 0.4344737791078762, -1.5628438736036991, 0.8493571594813455, -1.668627468237029, -1.1776266169149412, -1.436725884713392, 0.4535238133913287, -1.1297781792075878, -1.3449836137861275, -0.962009331175966, -1.255366152611776, -1.5124208646503827, -1.5858652640659536, -0.7074070209149744, -1.597981169641158, -3.177198757750241, -1.4603769432830433, -0.04994975415814934, -0.02509079305902453, -0.35866272084922934, -1.5751025716631435, -2.00823141063086, -0.666608924051336, -1.4294917197812638, -0.5467640549822427, -0.5741402382927631, -1.4599316481966924, -1.504001827249076, -0.6321694744862313, -0.6546935843337678, -1.9649894011980278, -0.6277991392757583, -2.7094298742412977, -2.330341506570795, -1.3455519152819098, -2.241000270173929, -1.714594546185273, -1.725594499462296, -0.8230187431065095, -0.5033711565381271, -2.7605634825734717, -3.3272599698174607, -1.8444426062528392, -2.5475310076452193, -0.5997835742115167, -0.33761280743052224, 0.38396834768618593, -1.468751804101922, -0.5126183843033345, -2.141000433178929, -1.6277258144292468, -1.631560468997173, -2.2223824906810172, -0.0226656984957605, -0.8110068735800481, -0.023034045089283257, 0.3948361439770515, -0.8199516262546165, -1.0798651602858411, -2.027408880340038, -1.8842217235697412, -2.424960725726912, -0.5878290403611486, 0.08207773388537142, 0.4393570373198247, -1.251295099756798, -0.8406243577387302, -1.1138325704820213, -0.054829387102863114, -0.8577184500785118, -2.407294604835158, 0.1257825101707446, -0.08641456512309434, 0.887182518271206, -1.1468727874418965, -2.8124627847983943, 0.2791048274561492, -1.744942583799057, -0.20661825528750855, -2.1990450533896095, -1.121374259296061, -0.4087896253863917, -0.8683813092413428, -1.7547399055959212, -1.5874069023997261, -1.5969535346024357, -1.720927085326853]",0.5597082953509571,0.6994987750201841,"[0.0415697806328249, 0.48067622110929575, 0.18326870712078583, 0.14309631987658517, 0.3646492080106512, 0.2860741617810073, 0.3086212528576743, 0.08478933972399816, 0.3588195601884555, 0.32030841471578, 0.2953325922710296, 0.10243659973334379, 0.5545186412575189, 0.09449747059147087, 0.26737419240195426, 0.5355151533328608, 0.46276072756053854, 0.3891125686641319, 0.16206586054560068, 0.5268972039935254, 0.2852452967866017, 0.28973490093414656, 0.2843978986266318, 0.03231518629615228, 0.11180657836542876, 0.2262825860420806, 0.5009476539090736, 0.3332573714758693, 0.480222988873761, 0.2595760088069605, 0.08153260521309909, 0.26463293572305396, 0.353309599387274, -0.029967065244334415, 0.1085438952625338, 0.3018483254424886, -0.06407626960736795, 0.26723956061547927, 0.5709847377237629, 0.06883554418041755, 0.2775526157789036, 0.4472195716240659, 0.5343646624412354, 0.27567888803349216, 0.3565986130240643, 0.28502472953678853, 0.5048028596835578, 0.23806564720872966, 0.2779115433495153, -0.05771728189313715, 0.34976423265819345, 0.10880756056020689, 0.08424909653462875, 0.01654141278659507, 0.3417970524722122, 0.22796412649092088, 0.537145814324259, 0.3356174807329371, 0.037059155456055065, 0.2230948957035336, -0.06028851399430655, 0.2522924157657011, 0.423957297803099, 0.3998557621186903, 0.3779920217584804, 0.3332261269593272, 0.4515010907509639, 0.370273019993426, 0.18162038283076176, -0.04329175241160351, 0.22064447314676508, -0.09377102771462956, 0.29876793800737783, 0.11887720140499095, 0.1791685386502711, 0.5860310360791704, 0.26387249181656575, 0.1030870558419009, 0.12619512690058754, 0.05037421384640066, 0.3602834166936192, 0.02106716447318777, 0.5973186725881713, 0.360931383769034, 0.5767894963230202, 0.3559613068866291, 0.16011766781190956, 0.12450875408527458, 0.2206388921591143, 0.47854466662621664, 0.25343856946033066, 0.35826581743137065]",37,0
0.007456184888097063,"[-0.7838906842130815, -1.3671752664614871, -1.3319738991583692, -0.00612847544398587, -0.3018748647056543, 1.3543908360220103, -0.3458615658133089, 0.5360528820539202, -0.9709409554841015, -0.524789968540815, -0.8707382956358374, 0.7906668511686352, 0.8109963509301419, -1.85144283434874, -0.6894143041680684, 0.1019917706427318, 0.023800756025322, -0.09315851500637629, -0.6806625894867433, 0.3409012709814624, -2.6863715008858717, -0.9019710746212111, 0.4845524488711043, -0.4522467540872396, -0.08845774402172688, -1.5649516811797488, -0.4245006652888212, 0.05695865453189475, -0.16660787366462887, -0.11668461950646303, -0.6317782242554925, -0.6418168594587503, 0.010278384611168756, -1.3131002221296513, -0.7081697317493253, -1.2720693353999155, -1.2849622142491905, -1.802966923202607, -0.677633794575514, -1.4057254358433438, -1.9394805232370447, -0.17857544453027155, 0.37538419473666046, -0.23697320423718576, 0.7884163893026617, -1.859752409842693, -1.5265366647382923, -1.3751473366403508, -1.796158796571241, -1.637304800085032, 0.36798161090875764, 0.2968398491103518, -1.5776488273363316, -1.1207282966837626, -0.9280785766593731, -1.2682656969324893, 0.4786056585541667, -1.4844062141801393, -0.37059172599362944, -0.09876569299699173, -0.2920361154252288, 0.9509503971308089, 0.18430242952508386, -0.17183009971398522, -0.4409609636036024, -1.0643227694603279, -1.3688704100681188, 0.7667226037085952, 0.656043907807109, -0.34594006665823274, -0.5743246231646175, -1.5528755597651238, -0.3689442428336867, -0.5364293067953266, -0.055498214830970255, -0.37187715688189393, 1.163397012006582, -0.01188654436142933, 1.0082166179027823, -0.972667468204765, -1.7380430288993718, -0.0010617902456820927, 0.2199551938353056, 0.6096459493264665, 0.0978844404647187, -0.39699398625807436, -0.42424808355685695, -1.2125848796579608, -1.178132170797236, 0.07020678325880464, -0.969632362292862, -0.9247824476015758]",0.4402917046490428,0.7058450805457398,"[0.26354006600546187, 0.4682332756294806, 0.21555925904155732, 0.2377902416578041, 0.5347823651429257, 0.13136980636676998, 0.056618819611015905, 0.4053310347760255, 0.3816379626542172, 0.45453389788806675, 0.20233365275681311, 0.043430110384124726, 0.22778701508346721, 0.45478133534546655, 0.5043717102739117, 0.5268613265004913, 0.31038296085636674, 0.16758063422359115, 0.4573061136490548, 0.162466569942048, 0.36543519877220276, 0.1932839609000801, 0.24450101422761636, 0.49981049555865, 0.1598767312988678, 0.46303688681199906, 0.3445187521179481, 0.3953288377206006, 0.3769484543968504, 0.5307771080453424, 0.3018831617870025, 0.14900044275227523, 0.08554222650204649, 0.18757041041649652, 0.43260933459240036, 0.24794931364453812, 0.21058605978782052, 0.09140682765183908, 0.425701396649436, 0.3447393766960461, 0.21279006709983306, 0.17366038907749407, 0.024083733721938762, 0.36202749634858117, 0.18937764254697304, 0.07632584505979889, 0.12551877437552214, 0.12434123587443757, 0.28581205729936415, 0.43255396265321905, 0.3832679281800637, 0.44896148231582794, 0.23673976818370265, 0.36320021920111734, 0.0544313965519504, 0.37242864274904797, 0.27513931853409107, 0.4142794971611179, 0.3497419121950095, 0.4232918974489374, 0.2272730424917583, 0.49640477437384656, 0.5450798803177384, 0.44336305870577886, 0.05639923689674895, 0.17944565020835684, 0.5429557543298267, 0.29896062353253894, 0.24253068810696504, 0.42491667836969016, 0.0014599987092839897, 0.547440561220642, 0.3610150614745757, 0.423980657197897, 0.05361506741939011, 0.38691165511160697, 0.12043641805129399, 0.4132126538899876, 0.024394076810199197, 0.07085478308896646, 0.11893320132933778, 0.2968851253833459, -0.008919937338560766, 0.5077819326977508, 0.1730879290897211, 0.5827866793527321, 0.40482467994616744, 0.46680610607827455, 0.07108523372488851, 0.15546427391664996, 0.24709378859036257, 0.356801342586969]",37,0
0.007456184888097063,"[-0.9454012126314013, -0.9920583214478444, -1.5041010426070385, -0.6596859783149387, -0.6504937376188933, 1.4836510456830205, -0.4377387180396338, 0.7089391975195004, -0.8186419552034228, 0.20736619253177918, -0.9606379641532067, 0.16111007510116937, 0.7636216337159023, -1.2380787495556733, -0.26422919306531556, 0.33663665266222936, -0.6812615699976414, -0.12094760014990932, -0.7329495786701211, 0.5237942355770437, -2.2291069809212125, -0.7884680652974322, 0.5450164835591004, -0.06115920641417555, -0.8463408299529829, -1.2619430496366495, -0.6432839247471277, -0.08060058929636993, 0.1301761618457623, 0.33748702276068454, -0.715864910819902, -0.48476030081983074, -0.8084436026189834, -1.3858664892942523, -0.9653161582705594, -0.7297944353925057, -1.6404562286206028, -2.483600579401142, -0.5897542253028625, -1.5396305186843522, -1.9411801087520306, -0.5196020767286199, 0.08469475031953588, -0.4443726584317387, 0.5235702661761678, -2.3591054902701667, -1.7319316273510186, -1.212485082101957, -2.039006765017058, -1.0469696754482962, 0.5963489220559297, 0.2037411893487736, -1.2740927557449535, -1.075196503658844, -1.129728033766889, -1.178574439928111, 0.4108663411808755, -1.2145800298121034, -0.06595279333508652, -0.03179974816611658, -0.3869727280669413, 1.2077719941424978, 0.24990511184248754, -0.14619144670429007, -0.5035042813171655, -0.6688573344473602, -1.1914035376956105, 0.5319325649629897, 0.15967951006077508, -0.6653787124647201, -0.3130720162116912, -0.9910293117898356, -0.4270934496167649, 0.10367217649753038, -0.4100030230025723, -0.8391073584159885, 0.9431319183281444, 0.28839303253565846, 0.5165265188596141, -1.3259480523348146, -1.6905158934352502, -0.05416468866513291, 0.15138353227971518, 0.25451206752508315, -0.362129876868994, -0.05052013145487655, -0.3182657822605489, -1.1008272136328205, -0.9433351034437147, -0.38746896552144583, -1.1796846716124092, -0.6060170985593855]",0.4402917046490428,0.6962440225465338,"[0.9560380183324131, 0.15862747364115615, 1.0038444269303521, 1.0618412911750699, 1.0837258630611868, 0.18450779659707295, 0.07711217844753351, 0.6875595782611732, 0.6280293376863082, 0.18040575632289008, 0.878622496347011, 1.1176357362979366, 0.5826959447341151, 0.19691034927910037, 0.6982882310422522, 0.3928104296829535, 1.180460130051327, 0.07756621396014382, 0.9777972242811394, 0.08359770073887635, 0.245872529100489, 0.5826557219897103, 0.8958133330146374, 0.21057407478458312, 0.7557470829068635, 0.6071752326759763, 0.5609513984720084, 0.8709095120243417, 0.7037178365318881, 0.38579913714593206, 0.5686374955477267, 0.021420410186867064, 1.0027650206404193, 1.049063063601901, 1.0601551897322392, 0.03969262911867092, 0.7860986990261268, 1.1242412990085366, 0.6909993527773695, 0.4871303412554736, 0.9421630249666016, 0.8074911684350238, 0.647051319153552, 1.1402413343188806, 1.007318073476672, 0.8886446091049649, 0.8363100529268248, 0.04186376730651636, 1.0249048127862612, 0.4871525595044116, 0.48359944763795903, 0.764958212188669, 0.030279166711992364, 0.8179027782998536, 0.7199369010708792, 0.4488300477403468, 0.2343219593205289, 0.4491065135899844, 0.18312821473875288, 0.4460445427985239, 0.552690167281491, 0.4389297769958336, 0.6198621719805947, 0.6273537959840109, 0.10772946878417661, 0.13074571422468406, 0.8234351788925077, 0.8078732748300183, 1.172052857924672, 1.127466032460487, 0.05528963883444373, 0.05530053106284415, 0.6489739591516113, 0.25522324478237485, 0.7273196904331837, 1.1616063373033134, 0.4603010619657193, 0.40641486312350994, 1.0751069445446821, 0.05613956097019043, 0.4905281296665903, 0.7965320014741137, 0.5407229417059224, 1.1558265029263692, 0.7087889449515166, 0.4644356926475348, 0.7508138725333459, 0.743918681850021, 0.011905327149113576, 0.4491995651652191, 0.74880259012633, 0.19694073197090223]",37,0
0.007456184888097063,"[-1.5367552165434697, -0.7921989563229499, -1.1645688628142763, -0.24449161746485437, -1.005361452308636, -0.17658444386978522, -0.6306770630586211, 0.09089105554695465, -0.49153961985862604, -1.3549283099304945, -1.2109227132762788, -0.8069358074400381, 0.8467899831037304, -2.698355095265973, -0.041298003882855205, -0.45605771992345867, -0.28306687956837356, -1.052036259023769, -1.8258267907508774, -0.32260971638873104, -3.6689686408877793, -1.7716817596602363, -0.29247809637383915, -1.921183656654493, -0.8327390161754799, -1.1145961104734001, -0.6893764746758694, -0.18125571342058644, 0.14835819348544999, 0.48887785661901406, -0.2572609954682055, -1.7394491888815244, -1.3292089740453903, -2.1129217511028204, -2.0491894752650515, -1.9962473868454973, -0.9587821602499684, -1.601547619871654, 0.15982610418859672, -2.701863210183722, -2.163878441559902, -0.6646363083602268, -0.7986390354575628, -0.14307334903365104, 0.6818755409268416, -1.530619406109102, -1.429924104042744, -1.266451460167455, -2.424426988882494, -1.8368462757127886, 0.29785584119118114, 0.09099259472670651, -1.5580313447669476, -0.5588432923107653, -0.6224790227566759, -1.3702183519223796, -1.134030257515178, -1.3599459495309891, -1.8021370981141647, -1.6359089949975945, -1.5994410633587177, 1.4906983538706702, -0.554399378105781, -0.08080960527900671, -1.3576523033593269, -0.8128580205307305, -1.8586685168253556, 0.6264359493253864, -0.47043286960697506, -1.3953885708235432, -1.7312124473329558, -1.4856963222617046, -1.905835391741505, -0.2640628412072847, -1.106504721122753, -0.841077797768034, -0.54432473887075, -0.2654594411580932, -0.08715862452047451, -1.4294671564928403, -2.793193272536424, -1.3342077987083214, 0.1307777608315278, 0.553828200548947, -0.21215275758396937, -0.28178878848609235, -0.5881541416624136, -0.9032330541232075, -2.4995577624811105, -0.31631578347885253, -0.7810450528018286, -0.846233609266922]",0.4402917046490428,1.2716007486738978,"[0.822314839994407, 0.13095271409929293, 0.34903787290801924, 0.2504232314318834, 0.5977689399845366, 0.8768667954001448, 0.3369729083994737, 0.6062201934448728, 0.09166422189939749, 0.8816059610187261, 0.6079914354339524, 0.79129998282085, 0.1853983904490381, 0.9135775142227567, 0.2632707724959875, 0.6981838450143386, 0.21638478353971885, 0.568659122935729, 0.8961158109144627, 0.45966610092356575, 1.0198266915976544, 0.7770802987020364, 0.771794589923483, 1.07715417643286, 0.3663329277609536, 0.2601370095620749, 0.28996336598614025, 0.4772751114040762, 0.2836245148526619, 0.17383239567211475, 0.15991894711587856, 0.7203442204546755, 0.6807086872589443, 0.8614152172587457, 0.9401238883278302, 0.8316686116859424, 0.15098678764748968, 0.1955482407383058, 0.034990475215149724, 0.93688616973232, 0.6441783566801524, 0.3792307697890537, 0.7364959297614195, 0.3350878344050343, 0.29137080425570905, 0.16356868794360713, 0.19587692769651907, 0.2595177931258717, 0.7187137646751736, 0.6974091331551837, 0.3447055021602877, 0.4498577554599069, 0.3287715303729077, 0.2261339351167404, 0.1783088254227606, 0.37490472562121135, 0.9364627376590697, 0.3920486112582898, 0.9517703153197099, 1.0234135392721282, 0.8796723371419211, 0.04686912254698061, 0.6785381089815701, 0.2105876228925047, 0.6536521476852678, 0.23643300139556506, 0.8300493483686573, 0.1774686092491376, 0.7274602237512151, 0.9136586275820848, 0.7880245101535204, 0.33419824576921875, 1.0256908914195753, 0.4097455026247097, 0.5426256131903848, 0.44502686824897564, 0.9254828823259074, 0.4768747839242496, 0.6134199141103177, 0.2125342884064565, 0.8959395955556462, 0.9008195508128723, 0.30194940870141257, 0.24924349835957843, 0.21194214874227366, 0.2777222853398408, 0.41384000519409003, 0.3655209252289947, 0.892711066331765, 0.1916011475677712, 0.18190800466843693, 0.2271380347233123]",37,0
0.007456184888097063,"[-1.1433783476949575, -0.9545015003658015, -1.1945113956075883, -0.21292830449275632, -0.7092526290692784, 0.7809239011765974, -0.9242450845847661, 0.7019272255661994, -1.1458146037363293, -0.4188483053695122, -0.656235825614194, 0.6652950846254528, 0.28372433438819994, -1.2364145481018392, -0.4255121195343393, -0.6134049950066601, 0.11222779915489736, -0.14399322650102625, -0.17468472803613488, 0.5971815633612078, -2.537216269992147, -0.6680977644482592, 0.011420714901804241, -1.095998890730057, -0.18534568354598732, -1.6762520289923528, -0.8121797775615824, -0.5485970351054581, 0.22630764566871095, 0.38752562524085243, -0.8140597785652721, -0.4764525771955339, -0.48869293142743797, -1.3213202410920664, -0.933230455225849, -0.6956019053437072, -1.6223695804248917, -1.8615765138790372, -0.5016662351692703, -1.8543567061632564, -1.6164772570358228, -0.32009858544685477, -0.5161607328189514, 0.3759442583315509, -0.08065916575234991, -2.0993252512269374, -1.809513264117406, -1.737964642334926, -2.080681948997313, -1.5421744090743104, 0.7201919432628551, 0.40045664579402385, -1.2878177473918604, -1.6259139447397564, -1.5432833673583712, -0.8122203577501839, 0.4980979548752926, -1.7284176866899101, -0.17137351384131655, -0.37439865328758093, -0.5071461189383699, 0.7157061298527231, -0.11390643408379716, -0.4837755196991841, -0.8581505469880056, -1.1796155902471972, -1.392873811702992, 0.6565146396836338, 0.45391002110490736, -0.4571535330578196, -0.09607734535109366, -1.1983891839940382, -0.4130890334862206, -0.24337429669717126, -0.5026241738788177, 0.1535151332122019, 0.393942272943547, -0.06007134359204572, 0.6367278306737957, -1.1969989349519994, -1.8538636761591403, 0.19085621616943385, -0.46475627057170454, 1.1327619011429972, -0.023284255123428188, -0.47278493809578104, -0.2421764314346792, -0.9372910206120912, -0.9423922741456519, -0.7258215522494558, -0.9429805890400073, -1.2532138734928044]",0.5597082953509571,0.7084134993819335,"[-0.01947258030906164, -0.06412594508075095, 0.08009609612487442, -0.02924967018981704, -0.15353877036813945, -0.12741445262469586, 0.03912060963715372, 0.02722789735057174, -0.14317639689085732, 0.03966837756365741, -0.07246705293204775, 0.12092575829106372, -0.15529573422421789, 0.0088903557503513, -0.03907459983219854, -0.03961494014354573, 0.0068712811465405955, -0.07463313350528047, 0.09551098341019847, 0.008467223711489115, 0.04481489051688352, -0.04496300677040253, -0.14376634794172088, -0.18616345235414097, 0.10242791062820158, -0.020091319443923533, -0.12682226769261962, -0.14819722930341434, 0.002091777207916052, -0.06353953931755332, 0.011169179834075223, 0.15876630424288282, -0.03842769721589799, -0.008230789503681606, 0.048984640413932724, 0.018348327505889772, -0.09365216280710442, -0.0376095865297586, -0.16510547038060067, -0.013010742228325906, 0.005312330361439275, 0.14545381797224052, -0.23002385523763558, -0.08015216751288924, -0.1297445708852406, 0.08303955115644202, 0.012229969505359917, 0.046586121807437854, 0.008156326048683014, -0.1909665805222194, 0.11062663743159876, 0.032247755650979266, 0.11773984923818188, -0.0898155383723138, -0.19722557995100096, 0.14900845324459572, -0.005643445666301237, -0.08857430032516729, -0.04018015549653209, -0.1558523208633303, -0.09466254677705661, -0.04949274866743256, -0.062797734126042, 0.11993575173912405, -0.17117620757826654, -0.005566226724577197, -0.12011958998694124, 0.06110787189697375, 0.07900845427903647, -0.2297593250220214, 0.17424636656581868, -0.20281060040584525, -0.09831393882251194, 0.06088280831098996, 0.1417548007514347, 0.13691455143072548, 0.04781382992335256, -0.0521476251266009, -0.00639549272570809, 0.09029895626873892, 0.04546492031384636, 0.07465448774509716, -0.17404745568918942, -0.019224244213711196, 0.0990202159577139, 0.001062745522820846, -0.1840933880990686, -0.08206173824531188, 0.09787543364748116, -0.03838791787156426, -0.017768286964307094, -0.061475781664381765]",37,0
